%YAML:1.0

Camera.fx: 3.5168593325449871e+02
Camera.fy: 3.5160026956811504e+02
Camera.cx: 3.2831591672464765e+02
Camera.cy: 2.3851673309433340e+02


